27022980666
60060700351
09212158039
67010617532
93111310009
36012051721
73070282131
93071001016
02272374513
29051174380
10291836561
84112128850
47060344558
92092502757
99102534737
77022285067
89072385048
96021107671
21280806483
17251803885
31010444115
15302453410
12241201052
73021161681
73051453608
88060810065
49070224581
08250425570
23300534334
92030833204
53010360075
55061678136
99091845838
83050254681
82091254021
16230376787
69030613350
47102182672
84030348349
15211934808
95080215747
55030806807
63052352648
73051916222
57080146748
16241010270
86012302785
46082530435
00302467765
06212012415
22291132714
43100163220
61091673166
15250822436
19311062209
18232343329
66051127451
94010588762
86040964744
00221127717
86081851256
93020477208
71041648821
12292332886
21311005467
11251615662
36091204012
75072582141
46092055265
07222416101
64010757554
09301180828
37080603771
69071158003
80012088270
80070226432
29100574875
09210404521
39012326774
11232704310
48110903248
89052118372
52072235514
60071925424
22311862762
12261103561
80050677502
55050121207
88050402454
93072515215
88050178047
17240506146
27111766133
19240620505
35071035385
68112018621
31101174565
63091426270
78061477475
72061202343
